{
  "nbformat": 4,
  "nbformat_minor": 0,
  "metadata": {
    "colab": {
      "provenance": [],
      "authorship_tag": "ABX9TyNCBQFre3zYk9L3GZXdCHkA",
      "include_colab_link": true
    },
    "kernelspec": {
      "name": "python3",
      "display_name": "Python 3"
    },
    "language_info": {
      "name": "python"
    }
  },
  "cells": [
    {
      "cell_type": "markdown",
      "metadata": {
        "id": "view-in-github",
        "colab_type": "text"
      },
      "source": [
        "<a href=\"https://colab.research.google.com/github/PosgradoMNA/actividades-del-projecto-equipo-13/blob/main/Actividad_4_Equipo_13_JuanSebastianOrtegaBriones_A01794327.ipynb\" target=\"_parent\"><img src=\"https://colab.research.google.com/assets/colab-badge.svg\" alt=\"Open In Colab\"/></a>"
      ]
    },
    {
      "cell_type": "markdown",
      "source": [
        "# Actividad 4  Equipo 13\n",
        "\n",
        "## Ciencia y analítica de datos\n",
        "\n",
        "### Profesor:  Jobish Vallikavungal Devassia \n",
        "\n",
        "###Juan Sebastian Ortega Briones A01794327\n",
        "***Mi compañero de equipo se dio de baja y lo hice solo*\n",
        "\n"
      ],
      "metadata": {
        "id": "h-AK8x6mPmc3"
      }
    },
    {
      "cell_type": "code",
      "execution_count": 88,
      "metadata": {
        "id": "2PnCfhT-Whu7"
      },
      "outputs": [],
      "source": [
        "import pandas as pd\n",
        "import numpy as np"
      ]
    },
    {
      "cell_type": "code",
      "source": [
        "inPath = 'https://raw.githubusercontent.com/PosgradoMNA/Actividades_Aprendizaje-/main/default%20of%20credit%20card%20clients.csv'"
      ],
      "metadata": {
        "id": "Z7uGvbV2W1my"
      },
      "execution_count": 89,
      "outputs": []
    },
    {
      "cell_type": "code",
      "source": [
        "df=pd.read_csv(inPath, index_col=0)"
      ],
      "metadata": {
        "id": "zlMoiSLTXCDx"
      },
      "execution_count": 90,
      "outputs": []
    },
    {
      "cell_type": "code",
      "source": [
        "df.index.name=None\n",
        "pd.set_option(\"display.max_columns\", 25)\n",
        "df.head()\n",
        "df.dropna(inplace=True)\n"
      ],
      "metadata": {
        "id": "xE16iCZPXL4v"
      },
      "execution_count": 91,
      "outputs": []
    },
    {
      "cell_type": "markdown",
      "source": [
        "## Paso 1: Determine el número mínimo de componentes principales que representan la mayor parte de la variación en sus datos"
      ],
      "metadata": {
        "id": "17TVqTCIutti"
      }
    },
    {
      "cell_type": "code",
      "source": [
        "df.shape      #Cantidad de filas y columnas "
      ],
      "metadata": {
        "colab": {
          "base_uri": "https://localhost:8080/"
        },
        "id": "eoRZuApQ-Ncj",
        "outputId": "2a70aba3-8e6b-4e84-df60-ef1c3d803145"
      },
      "execution_count": 92,
      "outputs": [
        {
          "output_type": "execute_result",
          "data": {
            "text/plain": [
              "(29958, 24)"
            ]
          },
          "metadata": {},
          "execution_count": 92
        }
      ]
    },
    {
      "cell_type": "code",
      "source": [
        "df.corr()     #Correlacion entre todas las columnas "
      ],
      "metadata": {
        "colab": {
          "base_uri": "https://localhost:8080/",
          "height": 865
        },
        "id": "U_h7Ip4x-bC1",
        "outputId": "c9096e63-db33-4256-dabd-860222dc9d28"
      },
      "execution_count": 93,
      "outputs": [
        {
          "output_type": "execute_result",
          "data": {
            "text/plain": [
              "           X1        X2        X3        X4        X5        X6        X7  \\\n",
              "X1   1.000000  0.024212 -0.219120 -0.107801  0.144515 -0.271201 -0.296206   \n",
              "X2   0.024212  1.000000  0.014701 -0.031478 -0.091259 -0.057637 -0.070690   \n",
              "X3  -0.219120  0.014701  1.000000 -0.143431  0.175079  0.105636  0.121632   \n",
              "X4  -0.107801 -0.031478 -0.143431  1.000000 -0.413926  0.019747  0.024052   \n",
              "X5   0.144515 -0.091259  0.175079 -0.413926  1.000000 -0.039432 -0.050154   \n",
              "X6  -0.271201 -0.057637  0.105636  0.019747 -0.039432  1.000000  0.672290   \n",
              "X7  -0.296206 -0.070690  0.121632  0.024052 -0.050154  0.672290  1.000000   \n",
              "X8  -0.286245 -0.065648  0.114012  0.032430 -0.053249  0.574706  0.766857   \n",
              "X9  -0.267371 -0.059586  0.108640  0.032826 -0.049865  0.539384  0.662429   \n",
              "X10 -0.249340 -0.054319  0.097220  0.035360 -0.054006  0.509783  0.622990   \n",
              "X11 -0.235183 -0.043291  0.082077  0.034191 -0.048821  0.474809  0.575434   \n",
              "X12  0.285616 -0.033696  0.023451 -0.023430  0.056357  0.187115  0.234878   \n",
              "X13  0.278435 -0.031215  0.018669 -0.021536  0.054469  0.189906  0.235227   \n",
              "X14  0.283373 -0.024588  0.012913 -0.024876  0.053911  0.179796  0.224105   \n",
              "X15  0.294090 -0.021854 -0.000566 -0.023292  0.051528  0.179138  0.222216   \n",
              "X16  0.295625 -0.017056 -0.007625 -0.025371  0.049515  0.180651  0.221287   \n",
              "X17  0.290517 -0.016733 -0.009192 -0.021206  0.047810  0.176992  0.219339   \n",
              "X18  0.195026 -0.000297 -0.037385 -0.005705  0.025995 -0.079230 -0.080771   \n",
              "X19  0.178320 -0.001517 -0.030007 -0.008016  0.021820 -0.070083 -0.058981   \n",
              "X20  0.210052 -0.008630 -0.039953 -0.003399  0.029262 -0.070460 -0.055864   \n",
              "X21  0.203187 -0.002369 -0.038263 -0.012516  0.021338 -0.063934 -0.046856   \n",
              "X22  0.216990 -0.001775 -0.040276 -0.001052  0.022811 -0.058104 -0.037049   \n",
              "X23  0.219567 -0.002911 -0.037189 -0.006571  0.019533 -0.058616 -0.036491   \n",
              "Y   -0.153781 -0.039730  0.028109 -0.024544  0.013881  0.324769  0.263761   \n",
              "\n",
              "           X8        X9       X10       X11       X12       X13       X14  \\\n",
              "X1  -0.286245 -0.267371 -0.249340 -0.235183  0.285616  0.278435  0.283373   \n",
              "X2  -0.065648 -0.059586 -0.054319 -0.043291 -0.033696 -0.031215 -0.024588   \n",
              "X3   0.114012  0.108640  0.097220  0.082077  0.023451  0.018669  0.012913   \n",
              "X4   0.032430  0.032826  0.035360  0.034191 -0.023430 -0.021536 -0.024876   \n",
              "X5  -0.053249 -0.049865 -0.054006 -0.048821  0.056357  0.054469  0.053911   \n",
              "X6   0.574706  0.539384  0.509783  0.474809  0.187115  0.189906  0.179796   \n",
              "X7   0.766857  0.662429  0.622990  0.575434  0.234878  0.235227  0.224105   \n",
              "X8   1.000000  0.777245  0.686447  0.632396  0.208843  0.237642  0.227827   \n",
              "X9   0.777245  1.000000  0.819655  0.716278  0.203124  0.226103  0.245260   \n",
              "X10  0.686447  0.819655  1.000000  0.816660  0.206904  0.227092  0.243496   \n",
              "X11  0.632396  0.716278  0.816660  1.000000  0.207449  0.226964  0.241210   \n",
              "X12  0.208843  0.203124  0.206904  0.207449  1.000000  0.951494  0.892272   \n",
              "X13  0.237642  0.226103  0.227092  0.226964  0.951494  1.000000  0.928306   \n",
              "X14  0.227827  0.245260  0.243496  0.241210  0.892272  0.928306  1.000000   \n",
              "X15  0.227518  0.246180  0.272062  0.266387  0.860273  0.892456  0.923953   \n",
              "X16  0.225453  0.243161  0.269916  0.290901  0.829781  0.859756  0.883893   \n",
              "X17  0.222608  0.239379  0.262614  0.285095  0.802638  0.831570  0.853302   \n",
              "X18  0.001210 -0.009475 -0.006199 -0.001603  0.140276  0.280323  0.244291   \n",
              "X19 -0.066784 -0.001893 -0.003139 -0.005191  0.099301  0.100770  0.316904   \n",
              "X20 -0.053294 -0.069260  0.009061  0.005801  0.156856  0.150631  0.129933   \n",
              "X21 -0.046001 -0.043421 -0.058267  0.019109  0.158260  0.147338  0.143343   \n",
              "X22 -0.035813 -0.033630 -0.033325 -0.046474  0.167010  0.157848  0.179617   \n",
              "X23 -0.035816 -0.026537 -0.022982 -0.025285  0.179287  0.174180  0.182257   \n",
              "Y    0.235765  0.217037  0.204549  0.186903 -0.019686 -0.014240 -0.014141   \n",
              "\n",
              "          X15       X16       X17       X18       X19       X20       X21  \\\n",
              "X1   0.294090  0.295625  0.290517  0.195026  0.178320  0.210052  0.203187   \n",
              "X2  -0.021854 -0.017056 -0.016733 -0.000297 -0.001517 -0.008630 -0.002369   \n",
              "X3  -0.000566 -0.007625 -0.009192 -0.037385 -0.030007 -0.039953 -0.038263   \n",
              "X4  -0.023292 -0.025371 -0.021206 -0.005705 -0.008016 -0.003399 -0.012516   \n",
              "X5   0.051528  0.049515  0.047810  0.025995  0.021820  0.029262  0.021338   \n",
              "X6   0.179138  0.180651  0.176992 -0.079230 -0.070083 -0.070460 -0.063934   \n",
              "X7   0.222216  0.221287  0.219339 -0.080771 -0.058981 -0.055864 -0.046856   \n",
              "X8   0.227518  0.225453  0.222608  0.001210 -0.066784 -0.053294 -0.046001   \n",
              "X9   0.246180  0.243161  0.239379 -0.009475 -0.001893 -0.069260 -0.043421   \n",
              "X10  0.272062  0.269916  0.262614 -0.006199 -0.003139  0.009061 -0.058267   \n",
              "X11  0.266387  0.290901  0.285095 -0.001603 -0.005191  0.005801  0.019109   \n",
              "X12  0.860273  0.829781  0.802638  0.140276  0.099301  0.156856  0.158260   \n",
              "X13  0.892456  0.859756  0.831570  0.280323  0.100770  0.150631  0.147338   \n",
              "X14  0.923953  0.883893  0.853302  0.244291  0.316904  0.129933  0.143343   \n",
              "X15  1.000000  0.940133  0.900931  0.232916  0.207498  0.299953  0.130124   \n",
              "X16  0.940133  1.000000  0.946187  0.216967  0.181177  0.252229  0.293084   \n",
              "X17  0.900931  0.946187  1.000000  0.199966  0.172615  0.233710  0.250218   \n",
              "X18  0.232916  0.216967  0.199966  1.000000  0.285522  0.252063  0.199491   \n",
              "X19  0.207498  0.181177  0.172615  0.285522  1.000000  0.244709  0.180043   \n",
              "X20  0.299953  0.252229  0.233710  0.252063  0.244709  1.000000  0.216281   \n",
              "X21  0.130124  0.293084  0.250218  0.199491  0.180043  0.216281  1.000000   \n",
              "X22  0.160283  0.141421  0.307691  0.148102  0.180800  0.159028  0.151733   \n",
              "X23  0.177562  0.164102  0.115415  0.185659  0.157563  0.162667  0.157762   \n",
              "Y   -0.010216 -0.006856 -0.005505 -0.072851 -0.058577 -0.056248 -0.056811   \n",
              "\n",
              "          X22       X23         Y  \n",
              "X1   0.216990  0.219567 -0.153781  \n",
              "X2  -0.001775 -0.002911 -0.039730  \n",
              "X3  -0.040276 -0.037189  0.028109  \n",
              "X4  -0.001052 -0.006571 -0.024544  \n",
              "X5   0.022811  0.019533  0.013881  \n",
              "X6  -0.058104 -0.058616  0.324769  \n",
              "X7  -0.037049 -0.036491  0.263761  \n",
              "X8  -0.035813 -0.035816  0.235765  \n",
              "X9  -0.033630 -0.026537  0.217037  \n",
              "X10 -0.033325 -0.022982  0.204549  \n",
              "X11 -0.046474 -0.025285  0.186903  \n",
              "X12  0.167010  0.179287 -0.019686  \n",
              "X13  0.157848  0.174180 -0.014240  \n",
              "X14  0.179617  0.182257 -0.014141  \n",
              "X15  0.160283  0.177562 -0.010216  \n",
              "X16  0.141421  0.164102 -0.006856  \n",
              "X17  0.307691  0.115415 -0.005505  \n",
              "X18  0.148102  0.185659 -0.072851  \n",
              "X19  0.180800  0.157563 -0.058577  \n",
              "X20  0.159028  0.162667 -0.056248  \n",
              "X21  0.151733  0.157762 -0.056811  \n",
              "X22  1.000000  0.154790 -0.055214  \n",
              "X23  0.154790  1.000000 -0.053160  \n",
              "Y   -0.055214 -0.053160  1.000000  "
            ],
            "text/html": [
              "\n",
              "  <div id=\"df-f6d4666a-fc5d-49ba-b83b-aba7d547d8cf\">\n",
              "    <div class=\"colab-df-container\">\n",
              "      <div>\n",
              "<style scoped>\n",
              "    .dataframe tbody tr th:only-of-type {\n",
              "        vertical-align: middle;\n",
              "    }\n",
              "\n",
              "    .dataframe tbody tr th {\n",
              "        vertical-align: top;\n",
              "    }\n",
              "\n",
              "    .dataframe thead th {\n",
              "        text-align: right;\n",
              "    }\n",
              "</style>\n",
              "<table border=\"1\" class=\"dataframe\">\n",
              "  <thead>\n",
              "    <tr style=\"text-align: right;\">\n",
              "      <th></th>\n",
              "      <th>X1</th>\n",
              "      <th>X2</th>\n",
              "      <th>X3</th>\n",
              "      <th>X4</th>\n",
              "      <th>X5</th>\n",
              "      <th>X6</th>\n",
              "      <th>X7</th>\n",
              "      <th>X8</th>\n",
              "      <th>X9</th>\n",
              "      <th>X10</th>\n",
              "      <th>X11</th>\n",
              "      <th>X12</th>\n",
              "      <th>X13</th>\n",
              "      <th>X14</th>\n",
              "      <th>X15</th>\n",
              "      <th>X16</th>\n",
              "      <th>X17</th>\n",
              "      <th>X18</th>\n",
              "      <th>X19</th>\n",
              "      <th>X20</th>\n",
              "      <th>X21</th>\n",
              "      <th>X22</th>\n",
              "      <th>X23</th>\n",
              "      <th>Y</th>\n",
              "    </tr>\n",
              "  </thead>\n",
              "  <tbody>\n",
              "    <tr>\n",
              "      <th>X1</th>\n",
              "      <td>1.000000</td>\n",
              "      <td>0.024212</td>\n",
              "      <td>-0.219120</td>\n",
              "      <td>-0.107801</td>\n",
              "      <td>0.144515</td>\n",
              "      <td>-0.271201</td>\n",
              "      <td>-0.296206</td>\n",
              "      <td>-0.286245</td>\n",
              "      <td>-0.267371</td>\n",
              "      <td>-0.249340</td>\n",
              "      <td>-0.235183</td>\n",
              "      <td>0.285616</td>\n",
              "      <td>0.278435</td>\n",
              "      <td>0.283373</td>\n",
              "      <td>0.294090</td>\n",
              "      <td>0.295625</td>\n",
              "      <td>0.290517</td>\n",
              "      <td>0.195026</td>\n",
              "      <td>0.178320</td>\n",
              "      <td>0.210052</td>\n",
              "      <td>0.203187</td>\n",
              "      <td>0.216990</td>\n",
              "      <td>0.219567</td>\n",
              "      <td>-0.153781</td>\n",
              "    </tr>\n",
              "    <tr>\n",
              "      <th>X2</th>\n",
              "      <td>0.024212</td>\n",
              "      <td>1.000000</td>\n",
              "      <td>0.014701</td>\n",
              "      <td>-0.031478</td>\n",
              "      <td>-0.091259</td>\n",
              "      <td>-0.057637</td>\n",
              "      <td>-0.070690</td>\n",
              "      <td>-0.065648</td>\n",
              "      <td>-0.059586</td>\n",
              "      <td>-0.054319</td>\n",
              "      <td>-0.043291</td>\n",
              "      <td>-0.033696</td>\n",
              "      <td>-0.031215</td>\n",
              "      <td>-0.024588</td>\n",
              "      <td>-0.021854</td>\n",
              "      <td>-0.017056</td>\n",
              "      <td>-0.016733</td>\n",
              "      <td>-0.000297</td>\n",
              "      <td>-0.001517</td>\n",
              "      <td>-0.008630</td>\n",
              "      <td>-0.002369</td>\n",
              "      <td>-0.001775</td>\n",
              "      <td>-0.002911</td>\n",
              "      <td>-0.039730</td>\n",
              "    </tr>\n",
              "    <tr>\n",
              "      <th>X3</th>\n",
              "      <td>-0.219120</td>\n",
              "      <td>0.014701</td>\n",
              "      <td>1.000000</td>\n",
              "      <td>-0.143431</td>\n",
              "      <td>0.175079</td>\n",
              "      <td>0.105636</td>\n",
              "      <td>0.121632</td>\n",
              "      <td>0.114012</td>\n",
              "      <td>0.108640</td>\n",
              "      <td>0.097220</td>\n",
              "      <td>0.082077</td>\n",
              "      <td>0.023451</td>\n",
              "      <td>0.018669</td>\n",
              "      <td>0.012913</td>\n",
              "      <td>-0.000566</td>\n",
              "      <td>-0.007625</td>\n",
              "      <td>-0.009192</td>\n",
              "      <td>-0.037385</td>\n",
              "      <td>-0.030007</td>\n",
              "      <td>-0.039953</td>\n",
              "      <td>-0.038263</td>\n",
              "      <td>-0.040276</td>\n",
              "      <td>-0.037189</td>\n",
              "      <td>0.028109</td>\n",
              "    </tr>\n",
              "    <tr>\n",
              "      <th>X4</th>\n",
              "      <td>-0.107801</td>\n",
              "      <td>-0.031478</td>\n",
              "      <td>-0.143431</td>\n",
              "      <td>1.000000</td>\n",
              "      <td>-0.413926</td>\n",
              "      <td>0.019747</td>\n",
              "      <td>0.024052</td>\n",
              "      <td>0.032430</td>\n",
              "      <td>0.032826</td>\n",
              "      <td>0.035360</td>\n",
              "      <td>0.034191</td>\n",
              "      <td>-0.023430</td>\n",
              "      <td>-0.021536</td>\n",
              "      <td>-0.024876</td>\n",
              "      <td>-0.023292</td>\n",
              "      <td>-0.025371</td>\n",
              "      <td>-0.021206</td>\n",
              "      <td>-0.005705</td>\n",
              "      <td>-0.008016</td>\n",
              "      <td>-0.003399</td>\n",
              "      <td>-0.012516</td>\n",
              "      <td>-0.001052</td>\n",
              "      <td>-0.006571</td>\n",
              "      <td>-0.024544</td>\n",
              "    </tr>\n",
              "    <tr>\n",
              "      <th>X5</th>\n",
              "      <td>0.144515</td>\n",
              "      <td>-0.091259</td>\n",
              "      <td>0.175079</td>\n",
              "      <td>-0.413926</td>\n",
              "      <td>1.000000</td>\n",
              "      <td>-0.039432</td>\n",
              "      <td>-0.050154</td>\n",
              "      <td>-0.053249</td>\n",
              "      <td>-0.049865</td>\n",
              "      <td>-0.054006</td>\n",
              "      <td>-0.048821</td>\n",
              "      <td>0.056357</td>\n",
              "      <td>0.054469</td>\n",
              "      <td>0.053911</td>\n",
              "      <td>0.051528</td>\n",
              "      <td>0.049515</td>\n",
              "      <td>0.047810</td>\n",
              "      <td>0.025995</td>\n",
              "      <td>0.021820</td>\n",
              "      <td>0.029262</td>\n",
              "      <td>0.021338</td>\n",
              "      <td>0.022811</td>\n",
              "      <td>0.019533</td>\n",
              "      <td>0.013881</td>\n",
              "    </tr>\n",
              "    <tr>\n",
              "      <th>X6</th>\n",
              "      <td>-0.271201</td>\n",
              "      <td>-0.057637</td>\n",
              "      <td>0.105636</td>\n",
              "      <td>0.019747</td>\n",
              "      <td>-0.039432</td>\n",
              "      <td>1.000000</td>\n",
              "      <td>0.672290</td>\n",
              "      <td>0.574706</td>\n",
              "      <td>0.539384</td>\n",
              "      <td>0.509783</td>\n",
              "      <td>0.474809</td>\n",
              "      <td>0.187115</td>\n",
              "      <td>0.189906</td>\n",
              "      <td>0.179796</td>\n",
              "      <td>0.179138</td>\n",
              "      <td>0.180651</td>\n",
              "      <td>0.176992</td>\n",
              "      <td>-0.079230</td>\n",
              "      <td>-0.070083</td>\n",
              "      <td>-0.070460</td>\n",
              "      <td>-0.063934</td>\n",
              "      <td>-0.058104</td>\n",
              "      <td>-0.058616</td>\n",
              "      <td>0.324769</td>\n",
              "    </tr>\n",
              "    <tr>\n",
              "      <th>X7</th>\n",
              "      <td>-0.296206</td>\n",
              "      <td>-0.070690</td>\n",
              "      <td>0.121632</td>\n",
              "      <td>0.024052</td>\n",
              "      <td>-0.050154</td>\n",
              "      <td>0.672290</td>\n",
              "      <td>1.000000</td>\n",
              "      <td>0.766857</td>\n",
              "      <td>0.662429</td>\n",
              "      <td>0.622990</td>\n",
              "      <td>0.575434</td>\n",
              "      <td>0.234878</td>\n",
              "      <td>0.235227</td>\n",
              "      <td>0.224105</td>\n",
              "      <td>0.222216</td>\n",
              "      <td>0.221287</td>\n",
              "      <td>0.219339</td>\n",
              "      <td>-0.080771</td>\n",
              "      <td>-0.058981</td>\n",
              "      <td>-0.055864</td>\n",
              "      <td>-0.046856</td>\n",
              "      <td>-0.037049</td>\n",
              "      <td>-0.036491</td>\n",
              "      <td>0.263761</td>\n",
              "    </tr>\n",
              "    <tr>\n",
              "      <th>X8</th>\n",
              "      <td>-0.286245</td>\n",
              "      <td>-0.065648</td>\n",
              "      <td>0.114012</td>\n",
              "      <td>0.032430</td>\n",
              "      <td>-0.053249</td>\n",
              "      <td>0.574706</td>\n",
              "      <td>0.766857</td>\n",
              "      <td>1.000000</td>\n",
              "      <td>0.777245</td>\n",
              "      <td>0.686447</td>\n",
              "      <td>0.632396</td>\n",
              "      <td>0.208843</td>\n",
              "      <td>0.237642</td>\n",
              "      <td>0.227827</td>\n",
              "      <td>0.227518</td>\n",
              "      <td>0.225453</td>\n",
              "      <td>0.222608</td>\n",
              "      <td>0.001210</td>\n",
              "      <td>-0.066784</td>\n",
              "      <td>-0.053294</td>\n",
              "      <td>-0.046001</td>\n",
              "      <td>-0.035813</td>\n",
              "      <td>-0.035816</td>\n",
              "      <td>0.235765</td>\n",
              "    </tr>\n",
              "    <tr>\n",
              "      <th>X9</th>\n",
              "      <td>-0.267371</td>\n",
              "      <td>-0.059586</td>\n",
              "      <td>0.108640</td>\n",
              "      <td>0.032826</td>\n",
              "      <td>-0.049865</td>\n",
              "      <td>0.539384</td>\n",
              "      <td>0.662429</td>\n",
              "      <td>0.777245</td>\n",
              "      <td>1.000000</td>\n",
              "      <td>0.819655</td>\n",
              "      <td>0.716278</td>\n",
              "      <td>0.203124</td>\n",
              "      <td>0.226103</td>\n",
              "      <td>0.245260</td>\n",
              "      <td>0.246180</td>\n",
              "      <td>0.243161</td>\n",
              "      <td>0.239379</td>\n",
              "      <td>-0.009475</td>\n",
              "      <td>-0.001893</td>\n",
              "      <td>-0.069260</td>\n",
              "      <td>-0.043421</td>\n",
              "      <td>-0.033630</td>\n",
              "      <td>-0.026537</td>\n",
              "      <td>0.217037</td>\n",
              "    </tr>\n",
              "    <tr>\n",
              "      <th>X10</th>\n",
              "      <td>-0.249340</td>\n",
              "      <td>-0.054319</td>\n",
              "      <td>0.097220</td>\n",
              "      <td>0.035360</td>\n",
              "      <td>-0.054006</td>\n",
              "      <td>0.509783</td>\n",
              "      <td>0.622990</td>\n",
              "      <td>0.686447</td>\n",
              "      <td>0.819655</td>\n",
              "      <td>1.000000</td>\n",
              "      <td>0.816660</td>\n",
              "      <td>0.206904</td>\n",
              "      <td>0.227092</td>\n",
              "      <td>0.243496</td>\n",
              "      <td>0.272062</td>\n",
              "      <td>0.269916</td>\n",
              "      <td>0.262614</td>\n",
              "      <td>-0.006199</td>\n",
              "      <td>-0.003139</td>\n",
              "      <td>0.009061</td>\n",
              "      <td>-0.058267</td>\n",
              "      <td>-0.033325</td>\n",
              "      <td>-0.022982</td>\n",
              "      <td>0.204549</td>\n",
              "    </tr>\n",
              "    <tr>\n",
              "      <th>X11</th>\n",
              "      <td>-0.235183</td>\n",
              "      <td>-0.043291</td>\n",
              "      <td>0.082077</td>\n",
              "      <td>0.034191</td>\n",
              "      <td>-0.048821</td>\n",
              "      <td>0.474809</td>\n",
              "      <td>0.575434</td>\n",
              "      <td>0.632396</td>\n",
              "      <td>0.716278</td>\n",
              "      <td>0.816660</td>\n",
              "      <td>1.000000</td>\n",
              "      <td>0.207449</td>\n",
              "      <td>0.226964</td>\n",
              "      <td>0.241210</td>\n",
              "      <td>0.266387</td>\n",
              "      <td>0.290901</td>\n",
              "      <td>0.285095</td>\n",
              "      <td>-0.001603</td>\n",
              "      <td>-0.005191</td>\n",
              "      <td>0.005801</td>\n",
              "      <td>0.019109</td>\n",
              "      <td>-0.046474</td>\n",
              "      <td>-0.025285</td>\n",
              "      <td>0.186903</td>\n",
              "    </tr>\n",
              "    <tr>\n",
              "      <th>X12</th>\n",
              "      <td>0.285616</td>\n",
              "      <td>-0.033696</td>\n",
              "      <td>0.023451</td>\n",
              "      <td>-0.023430</td>\n",
              "      <td>0.056357</td>\n",
              "      <td>0.187115</td>\n",
              "      <td>0.234878</td>\n",
              "      <td>0.208843</td>\n",
              "      <td>0.203124</td>\n",
              "      <td>0.206904</td>\n",
              "      <td>0.207449</td>\n",
              "      <td>1.000000</td>\n",
              "      <td>0.951494</td>\n",
              "      <td>0.892272</td>\n",
              "      <td>0.860273</td>\n",
              "      <td>0.829781</td>\n",
              "      <td>0.802638</td>\n",
              "      <td>0.140276</td>\n",
              "      <td>0.099301</td>\n",
              "      <td>0.156856</td>\n",
              "      <td>0.158260</td>\n",
              "      <td>0.167010</td>\n",
              "      <td>0.179287</td>\n",
              "      <td>-0.019686</td>\n",
              "    </tr>\n",
              "    <tr>\n",
              "      <th>X13</th>\n",
              "      <td>0.278435</td>\n",
              "      <td>-0.031215</td>\n",
              "      <td>0.018669</td>\n",
              "      <td>-0.021536</td>\n",
              "      <td>0.054469</td>\n",
              "      <td>0.189906</td>\n",
              "      <td>0.235227</td>\n",
              "      <td>0.237642</td>\n",
              "      <td>0.226103</td>\n",
              "      <td>0.227092</td>\n",
              "      <td>0.226964</td>\n",
              "      <td>0.951494</td>\n",
              "      <td>1.000000</td>\n",
              "      <td>0.928306</td>\n",
              "      <td>0.892456</td>\n",
              "      <td>0.859756</td>\n",
              "      <td>0.831570</td>\n",
              "      <td>0.280323</td>\n",
              "      <td>0.100770</td>\n",
              "      <td>0.150631</td>\n",
              "      <td>0.147338</td>\n",
              "      <td>0.157848</td>\n",
              "      <td>0.174180</td>\n",
              "      <td>-0.014240</td>\n",
              "    </tr>\n",
              "    <tr>\n",
              "      <th>X14</th>\n",
              "      <td>0.283373</td>\n",
              "      <td>-0.024588</td>\n",
              "      <td>0.012913</td>\n",
              "      <td>-0.024876</td>\n",
              "      <td>0.053911</td>\n",
              "      <td>0.179796</td>\n",
              "      <td>0.224105</td>\n",
              "      <td>0.227827</td>\n",
              "      <td>0.245260</td>\n",
              "      <td>0.243496</td>\n",
              "      <td>0.241210</td>\n",
              "      <td>0.892272</td>\n",
              "      <td>0.928306</td>\n",
              "      <td>1.000000</td>\n",
              "      <td>0.923953</td>\n",
              "      <td>0.883893</td>\n",
              "      <td>0.853302</td>\n",
              "      <td>0.244291</td>\n",
              "      <td>0.316904</td>\n",
              "      <td>0.129933</td>\n",
              "      <td>0.143343</td>\n",
              "      <td>0.179617</td>\n",
              "      <td>0.182257</td>\n",
              "      <td>-0.014141</td>\n",
              "    </tr>\n",
              "    <tr>\n",
              "      <th>X15</th>\n",
              "      <td>0.294090</td>\n",
              "      <td>-0.021854</td>\n",
              "      <td>-0.000566</td>\n",
              "      <td>-0.023292</td>\n",
              "      <td>0.051528</td>\n",
              "      <td>0.179138</td>\n",
              "      <td>0.222216</td>\n",
              "      <td>0.227518</td>\n",
              "      <td>0.246180</td>\n",
              "      <td>0.272062</td>\n",
              "      <td>0.266387</td>\n",
              "      <td>0.860273</td>\n",
              "      <td>0.892456</td>\n",
              "      <td>0.923953</td>\n",
              "      <td>1.000000</td>\n",
              "      <td>0.940133</td>\n",
              "      <td>0.900931</td>\n",
              "      <td>0.232916</td>\n",
              "      <td>0.207498</td>\n",
              "      <td>0.299953</td>\n",
              "      <td>0.130124</td>\n",
              "      <td>0.160283</td>\n",
              "      <td>0.177562</td>\n",
              "      <td>-0.010216</td>\n",
              "    </tr>\n",
              "    <tr>\n",
              "      <th>X16</th>\n",
              "      <td>0.295625</td>\n",
              "      <td>-0.017056</td>\n",
              "      <td>-0.007625</td>\n",
              "      <td>-0.025371</td>\n",
              "      <td>0.049515</td>\n",
              "      <td>0.180651</td>\n",
              "      <td>0.221287</td>\n",
              "      <td>0.225453</td>\n",
              "      <td>0.243161</td>\n",
              "      <td>0.269916</td>\n",
              "      <td>0.290901</td>\n",
              "      <td>0.829781</td>\n",
              "      <td>0.859756</td>\n",
              "      <td>0.883893</td>\n",
              "      <td>0.940133</td>\n",
              "      <td>1.000000</td>\n",
              "      <td>0.946187</td>\n",
              "      <td>0.216967</td>\n",
              "      <td>0.181177</td>\n",
              "      <td>0.252229</td>\n",
              "      <td>0.293084</td>\n",
              "      <td>0.141421</td>\n",
              "      <td>0.164102</td>\n",
              "      <td>-0.006856</td>\n",
              "    </tr>\n",
              "    <tr>\n",
              "      <th>X17</th>\n",
              "      <td>0.290517</td>\n",
              "      <td>-0.016733</td>\n",
              "      <td>-0.009192</td>\n",
              "      <td>-0.021206</td>\n",
              "      <td>0.047810</td>\n",
              "      <td>0.176992</td>\n",
              "      <td>0.219339</td>\n",
              "      <td>0.222608</td>\n",
              "      <td>0.239379</td>\n",
              "      <td>0.262614</td>\n",
              "      <td>0.285095</td>\n",
              "      <td>0.802638</td>\n",
              "      <td>0.831570</td>\n",
              "      <td>0.853302</td>\n",
              "      <td>0.900931</td>\n",
              "      <td>0.946187</td>\n",
              "      <td>1.000000</td>\n",
              "      <td>0.199966</td>\n",
              "      <td>0.172615</td>\n",
              "      <td>0.233710</td>\n",
              "      <td>0.250218</td>\n",
              "      <td>0.307691</td>\n",
              "      <td>0.115415</td>\n",
              "      <td>-0.005505</td>\n",
              "    </tr>\n",
              "    <tr>\n",
              "      <th>X18</th>\n",
              "      <td>0.195026</td>\n",
              "      <td>-0.000297</td>\n",
              "      <td>-0.037385</td>\n",
              "      <td>-0.005705</td>\n",
              "      <td>0.025995</td>\n",
              "      <td>-0.079230</td>\n",
              "      <td>-0.080771</td>\n",
              "      <td>0.001210</td>\n",
              "      <td>-0.009475</td>\n",
              "      <td>-0.006199</td>\n",
              "      <td>-0.001603</td>\n",
              "      <td>0.140276</td>\n",
              "      <td>0.280323</td>\n",
              "      <td>0.244291</td>\n",
              "      <td>0.232916</td>\n",
              "      <td>0.216967</td>\n",
              "      <td>0.199966</td>\n",
              "      <td>1.000000</td>\n",
              "      <td>0.285522</td>\n",
              "      <td>0.252063</td>\n",
              "      <td>0.199491</td>\n",
              "      <td>0.148102</td>\n",
              "      <td>0.185659</td>\n",
              "      <td>-0.072851</td>\n",
              "    </tr>\n",
              "    <tr>\n",
              "      <th>X19</th>\n",
              "      <td>0.178320</td>\n",
              "      <td>-0.001517</td>\n",
              "      <td>-0.030007</td>\n",
              "      <td>-0.008016</td>\n",
              "      <td>0.021820</td>\n",
              "      <td>-0.070083</td>\n",
              "      <td>-0.058981</td>\n",
              "      <td>-0.066784</td>\n",
              "      <td>-0.001893</td>\n",
              "      <td>-0.003139</td>\n",
              "      <td>-0.005191</td>\n",
              "      <td>0.099301</td>\n",
              "      <td>0.100770</td>\n",
              "      <td>0.316904</td>\n",
              "      <td>0.207498</td>\n",
              "      <td>0.181177</td>\n",
              "      <td>0.172615</td>\n",
              "      <td>0.285522</td>\n",
              "      <td>1.000000</td>\n",
              "      <td>0.244709</td>\n",
              "      <td>0.180043</td>\n",
              "      <td>0.180800</td>\n",
              "      <td>0.157563</td>\n",
              "      <td>-0.058577</td>\n",
              "    </tr>\n",
              "    <tr>\n",
              "      <th>X20</th>\n",
              "      <td>0.210052</td>\n",
              "      <td>-0.008630</td>\n",
              "      <td>-0.039953</td>\n",
              "      <td>-0.003399</td>\n",
              "      <td>0.029262</td>\n",
              "      <td>-0.070460</td>\n",
              "      <td>-0.055864</td>\n",
              "      <td>-0.053294</td>\n",
              "      <td>-0.069260</td>\n",
              "      <td>0.009061</td>\n",
              "      <td>0.005801</td>\n",
              "      <td>0.156856</td>\n",
              "      <td>0.150631</td>\n",
              "      <td>0.129933</td>\n",
              "      <td>0.299953</td>\n",
              "      <td>0.252229</td>\n",
              "      <td>0.233710</td>\n",
              "      <td>0.252063</td>\n",
              "      <td>0.244709</td>\n",
              "      <td>1.000000</td>\n",
              "      <td>0.216281</td>\n",
              "      <td>0.159028</td>\n",
              "      <td>0.162667</td>\n",
              "      <td>-0.056248</td>\n",
              "    </tr>\n",
              "    <tr>\n",
              "      <th>X21</th>\n",
              "      <td>0.203187</td>\n",
              "      <td>-0.002369</td>\n",
              "      <td>-0.038263</td>\n",
              "      <td>-0.012516</td>\n",
              "      <td>0.021338</td>\n",
              "      <td>-0.063934</td>\n",
              "      <td>-0.046856</td>\n",
              "      <td>-0.046001</td>\n",
              "      <td>-0.043421</td>\n",
              "      <td>-0.058267</td>\n",
              "      <td>0.019109</td>\n",
              "      <td>0.158260</td>\n",
              "      <td>0.147338</td>\n",
              "      <td>0.143343</td>\n",
              "      <td>0.130124</td>\n",
              "      <td>0.293084</td>\n",
              "      <td>0.250218</td>\n",
              "      <td>0.199491</td>\n",
              "      <td>0.180043</td>\n",
              "      <td>0.216281</td>\n",
              "      <td>1.000000</td>\n",
              "      <td>0.151733</td>\n",
              "      <td>0.157762</td>\n",
              "      <td>-0.056811</td>\n",
              "    </tr>\n",
              "    <tr>\n",
              "      <th>X22</th>\n",
              "      <td>0.216990</td>\n",
              "      <td>-0.001775</td>\n",
              "      <td>-0.040276</td>\n",
              "      <td>-0.001052</td>\n",
              "      <td>0.022811</td>\n",
              "      <td>-0.058104</td>\n",
              "      <td>-0.037049</td>\n",
              "      <td>-0.035813</td>\n",
              "      <td>-0.033630</td>\n",
              "      <td>-0.033325</td>\n",
              "      <td>-0.046474</td>\n",
              "      <td>0.167010</td>\n",
              "      <td>0.157848</td>\n",
              "      <td>0.179617</td>\n",
              "      <td>0.160283</td>\n",
              "      <td>0.141421</td>\n",
              "      <td>0.307691</td>\n",
              "      <td>0.148102</td>\n",
              "      <td>0.180800</td>\n",
              "      <td>0.159028</td>\n",
              "      <td>0.151733</td>\n",
              "      <td>1.000000</td>\n",
              "      <td>0.154790</td>\n",
              "      <td>-0.055214</td>\n",
              "    </tr>\n",
              "    <tr>\n",
              "      <th>X23</th>\n",
              "      <td>0.219567</td>\n",
              "      <td>-0.002911</td>\n",
              "      <td>-0.037189</td>\n",
              "      <td>-0.006571</td>\n",
              "      <td>0.019533</td>\n",
              "      <td>-0.058616</td>\n",
              "      <td>-0.036491</td>\n",
              "      <td>-0.035816</td>\n",
              "      <td>-0.026537</td>\n",
              "      <td>-0.022982</td>\n",
              "      <td>-0.025285</td>\n",
              "      <td>0.179287</td>\n",
              "      <td>0.174180</td>\n",
              "      <td>0.182257</td>\n",
              "      <td>0.177562</td>\n",
              "      <td>0.164102</td>\n",
              "      <td>0.115415</td>\n",
